OriginalRing	Cme9a	Cme9b	Ppu47a	Ppu47b	Ruff1a	Ruff1b	Ruff12a	Ruff12b	Ruff50a	Ruff50b	Ruff8a	Ruff8b	Ppu20a	Ppu20b	Ppu22a	Ppu22b	Ppu24a	Ppu24b	Ppu25a	Ppu25b	Ppu28a	Ppu28b	Ppu48a	Ppu48b	Cme2a	Cme2b	Cme6a	Cme6b	Ruff6a	Ruff6b	Ppu9a	Ppu9b	Ppu19a	Ppu19b	Ppu31a	Ppu31b	Ppu56a	Ppu56b	Tgu06_Slatea	Tgu06_Slateb	Phil2a	Phil2b
261	130	132	292	292	193	197	222	234	199	201	116	152	243	243	278	278	135	139	336	340	185	193	232	232	164	166	189	193	160	164	218	226	149	151	323	327	141	141	186	190	231	238
292	130	136	290	292	189	189	234	258	197	199	108	108	243	249	278	284	131	135	338	344	185	193	232	234	156	164	205	207	156	160	218	226	151	161	323	323	139	141	190	190	233	234
320	130	132	290	292	193	197	234	246	199	199	100	112	243	245	278	284	155	159	342	344	189	193	232	232	164	164	189	205	180	184	218	218	153	153	323	325	141	149	189	190	208	233
955	130	138	288	292	189	189	216	264	199	199	108	116	243	243	284	302	135	135	340	342	189	193	230	232	164	166	201	203	160	160	214	218	149	153	323	325	141	149	189	190	208	224
1307	130	140	292	292	193	197	228	244	199	211	100	112	243	245	278	290	131	135	332	344	185	193	232	234	156	164	189	205	156	160	218	218	145	153	323	323	141	149	189	190	226	233
1320	130	132	290	290	189	193	234	262	199	201	104	108	249	249	272	296	131	131	340	346	185	189	232	232	162	162	193	195	156	156	218	218	151	153	323	323	141	141	186	190	224	484
1336	130	140	290	292	189	193	216	234	199	211	100	108	243	245	278	284	139	139	338	344	193	193	232	232	162	162	195	205	164	164	218	218	151	155	323	323	139	141	186	190	226	233
1338	132	132	292	292	193	197	216	234	201	211	120	148	243	245	272	278	131	159	332	342	185	189	232	232	164	168	195	195	156	184	218	226	153	153	323	323	141	149	189	190	226	238
1347	130	150	290	290	189	189	216	216	199	199	100	104	241	243	278	290	151	159	340	342	189	193	232	232	156	162	189	205	176	184	214	230	153	153	323	323	149	149	190	190	208	214
1357	130	150	292	292	189	193	216	258	199	199	100	112	241	243	284	302	135	159	346	346	185	193	232	232	164	168	189	205	160	184	218	230	153	155	323	323	141	149	190	190	270	500
1360	132	140	292	292	189	197	234	246	201	211	100	108	243	245	284	296	131	139	338	346	193	193	230	232	156	166	189	195	156	164	218	226	149	153	323	325	141	141	190	190	233	233
1364	130	132	292	292	193	193	228	246	199	211	116	120	245	245	278	278	131	143	340	342	189	193	230	232	164	164	201	205	156	168	218	218	151	153	323	323	141	149	186	189	226	226
1365	130	140	290	292	189	197	222	222	199	211	100	100	243	243	272	278	139	139	338	340	185	193	232	234	156	156	193	207	164	164	218	230	155	155	323	323	141	141	190	190	226	256
1367	130	130	290	292	189	189	216	246	199	201	100	104	243	245	266	302	135	143	342	346	185	193	232	232	162	164	199	205	160	168	214	230	149	151	323	323	139	141	186	189	208	500
1368	130	132	292	292	193	193	224	228	211	211	116	120	243	245	284	296	143	159	336	342	193	193	232	232	162	162	203	205	168	184	218	218	151	155	323	323	139	149	186	190	226	226
1369	130	130	292	292	189	193	224	228	199	211	116	120	243	245	284	296	131	159	332	336	189	193	232	232	162	164	203	205	156	184	218	218	155	155	323	323	149	149	186	190	224	226
1399	132	138	292	292	189	193	234	264	187	211	104	116	243	243	278	296	135	151	342	346	185	193	232	234	166	168	195	207	160	176	218	226	151	153	323	323	141	149	186	186	226	492
1649	140	144	290	290	189	189	216	258	199	199	100	104	243	243	290	290	159	159	332	346	185	185	232	232	164	168	193	203	184	184	230	230	153	155	321	323	141	141	190	192	500	716
1659	132	132	290	292	189	197	246	258	187	199	112	152	245	249	278	278	139	155	342	342	193	193	226	232	156	164	201	205	164	180	218	226	153	155	323	325	141	149	189	190	233	233
1682	132	136	292	292	189	189	216	258	199	201	152	152	243	245	272	272	139	139	338	340	185	185	234	234	162	164	189	195	164	164	214	226	153	153	323	323	141	141	190	190	234	238
1689	130	132	290	292	189	193	224	234	199	199	104	120	245	249	278	296	135	143	336	346	185	193	232	232	156	162	195	205	160	168	214	226	151	151	323	323	149	149	186	190	226	710
952	130	140	290	292	189	189	216	224	199	199	100	152	243	245	278	290	131	159	332	346	185	185	226	232	162	164	193	203	156	184	226	230	153	155	323	323	141	141	190	190	256	500
1302	130	140	290	292	189	193	224	228	199	211	104	104	243	243	302	302	135	135	336	342	189	193	226	232	156	166	207	207	160	160	218	218	145	145	323	323	139	149	189	190	224	226
1304	130	132	290	292	189	189	216	246	199	211	100	100	243	243	278	290	135	143	346	346	185	185	232	232	162	164	189	207	160	168	220	230	151	155	321	323	141	141	190	190	208	212
1310	130	130	290	290	189	189	244	246	199	211	100	108	243	249	284	290	139	139	338	346	185	185	232	232	162	164	193	195	164	164	218	218	153	153	323	325	141	149	190	190	500	500
1316	130	150	290	290	189	197	244	262	211	211	108	112	245	245	272	290	151	151	338	346	185	193	232	232	162	164	189	195	176	176	218	218	153	153	323	323	141	141	188	190	238	270
1332	132	140	290	292	181	189	246	258	199	199	100	108	243	245	290	290	159	163	346	346	185	185	232	232	164	164	201	203	184	188	226	230	151	155	321	323	141	141	190	190	219	500
1333	132	144	290	290	189	189	228	234	199	199	108	108	245	245	290	302	131	151	338	346	185	185	232	232	162	162	195	205	156	176	214	218	151	153	323	323	141	149	189	190	278	484
1345	130	130	290	292	189	189	234	244	199	199	100	120	243	245	266	284	135	139	344	346	185	185	232	232	162	164	193	195	160	164	218	218	151	153	323	325	141	149	186	190	278	500
1348	130	132	292	292	189	189	216	246	199	211	124	152	243	243	290	296	151	163	340	342	185	189	230	232	156	166	189	195	176	188	218	226	153	153	323	323	141	149	190	190	212	256
1361	130	132	292	292	189	189	224	238	199	223	104	108	243	243	296	302	131	135	340	340	185	189	226	232	156	158	193	199	156	160	214	218	151	153	323	323	141	149	186	189	208	208
1363	130	150	290	292	189	189	216	258	199	199	100	104	243	245	266	290	143	159	332	346	185	185	232	232	164	164	199	203	168	184	218	230	153	155	323	323	141	141	186	192	500	716
1372	130	132	290	292	189	197	216	216	199	201	116	124	243	243	278	290	131	143	336	340	185	185	232	232	162	164	189	205	156	168	218	218	155	155	323	323	141	141	186	190	207	238
1377	130	132	290	292	189	193	258	262	199	199	100	112	243	243	266	284	139	151	336	346	185	193	226	232	162	168	189	193	164	176	218	230	153	155	323	325	141	149	190	190	212	270
1654	130	132	290	290	185	189	216	228	199	223	100	100	243	243	266	290	143	159	340	346	185	189	232	232	158	164	199	203	168	184	230	230	151	153	321	323	141	141	186	190	208	500
1656	130	132	288	292	189	193	264	264	187	199	124	152	243	245	278	284	127	139	338	340	185	193	230	234	156	164	197	201	152	164	218	226	149	155	323	323	141	149	190	190	238	270
1669	130	132	290	292	189	193	224	234	199	211	104	108	245	245	272	296	131	135	340	344	185	193	232	232	162	168	189	193	156	160	218	218	151	151	323	323	141	141	186	188	226	492
1687	132	150	290	290	185	189	216	234	187	199	108	152	243	243	266	302	127	135	340	340	185	189	230	232	156	162	193	201	152	160	218	218	153	157	323	323	141	149	186	188	211	224
AIFAO15-11	130	130	290	290	189	193	224	224	199	211	104	108	243	245	284	296	135	143	334	334	185	193	226	226	156	168	197	199	160	168	218	218	151	151	323	325	139	149	188	190	208	264
G14223	130	130	290	290	185	189	206	224	199	211	100	104	243	243	290	296	135	183	336	340	185	185	226	232	162	164	197	201	160	208	218	218	151	153	323	323	139	149	188	190	208	230
G 5.0 - 14 -221	130	142	290	290	189	201	216	234	199	211	104	120	243	243	290	302	131	143	336	344	185	185	226	232	156	160	199	201	156	168	218	226	153	155	323	323	141	141	189	190	217	234
G17267	130	130	290	290	185	197	224	234	199	219	100	112	243	243	290	290	135	143	336	342	185	193	226	232	162	162	201	201	160	168	218	228	153	153	323	323	139	139	190	190	210	230
AO414-17-3-NL	132	136	290	292	189	197	220	224	201	223	100	120	243	245	284	290	139	155	340	344	177	189	232	232	162	164	199	203	164	180	218	218	151	151	323	323	139	141	188	190	232	288
AO414-17-5	130	138	290	292	189	193	216	224	201	201	100	120	243	245	272	278	139	155	340	344	185	193	226	232	162	164	197	203	164	180	228	228	151	151	323	323	139	149	190	190	201	212
AO79561654	130	132	292	292	189	197	224	236	195	211	128	148	243	245	272	296	139	147	342	344	185	185	226	232	166	170	191	203	164	172	218	228	151	157	323	323	139	149	190	192	209	210
AO79561656	132	152	290	296	189	197	228	244	199	211	108	108	241	245	278	284	135	167	334	350	185	185	226	232	160	162	189	195	160	192	218	218	153	153	323	323	141	141	190	192	218	240
AO7956-17-18	130	142	292	292	185	189	234	254	223	237	96	132	245	245	290	296	115	159	332	338	185	189	226	232	160	166	197	207	140	184	218	226	149	151	323	323	141	141	188	190	218	238
AIFAO16507	130	130	290	292	189	189	224	234	199	211	108	120	243	243	284	296	143	143	332	342	189	189	232	232	156	162	203	205	168	168	218	218	151	153	323	323	139	141	190	190	208	209
AO27121649	132	142	290	294	189	189	244	244	211	223	108	108	243	243	284	296	135	155	332	334	185	189	226	232	156	160	199	203	160	180	218	226	153	153	323	323	139	141	190	190	214	234
AO3999183	130	136	290	290	193	193	216	224	199	211	100	116	243	243	296	296	147	155	336	346	185	193	232	232	162	162	193	195	172	180	218	218	149	153	323	323	141	141	190	190	215	234
AO 3999-18-4-NL 6.5	130	138	291	292	189	193	234	236	199	199	104	116	241	243	296	308	135	147	338	344	193	193	226	232	156	166	195	201	160	172	214	226	149	153	323	323	133	139	190	190	207	517
AO59381830	140	150	290	290	193	201	216	224	199	215	116	116	243	245	278	278	139	143	336	340	185	189	226	232	156	166	201	203	164	168	218	228	151	155	323	323	141	141	188	190	210	246
AO7422181NL	130	138	290	292	193	197	220	228	199	211	108	116	243	243	296	296	143	147	344	344	189	193	226	232	162	162	193	195	168	172	218	218	147	153	323	323	141	141	186	190	255	517
CZ005	130	148	290	292	189	201	244	244	209	211	108	120	243	243	278	290	151	159	334	344	185	189	232	232	164	164	201	203	176	184	218	218	149	153	323	323	141	141	188	190	220	224
1331	140	140	288	290	189	193	234	258	199	223	100	116	243	243	284	290	139	143	340	346	185	193	232	232	164	164	189	205	164	168	218	230	153	155	323	323	141	141	188	190	207	226
1339	132	140	290	292	189	193	246	258	197	211	104	152	243	245	278	290	131	143	336	342	185	185	232	232	156	156	195	203	156	168	226	226	145	155	323	323	141	141	190	190	226	238
1398	140	140	290	292	189	189	216	244	199	211	100	104	245	245	290	290	131	143	332	346	185	185	226	232	162	162	199	203	156	168	214	226	153	155	323	323	141	141	190	190	256	492
1305	130	140	290	292	189	189	224	246	199	223	100	104	243	243	302	302	135	139	336	340	185	189	226	232	162	166	193	193	160	164	218	218	151	155	323	325	149	149	188	189	224	500
1353	130	132	290	292	189	197	216	228	199	199	100	116	243	243	266	278	135	159	338	340	185	185	232	234	158	164	189	199	160	184	218	230	153	155	321	327	141	141	186	186	238	500
1380	130	132	288	292	189	193	216	264	199	211	104	116	245	245	266	272	159	159	340	342	185	193	226	232	164	164	199	207	184	184	214	218	153	155	323	323	139	149	186	190	207	226
1334	130	140	292	292	181	193	236	246	199	211	104	148	243	243	296	296	131	163	336	346	185	193	232	232	162	166	189	201	156	188	218	226	149	149	321	323	141	141	190	190	226	238
1371	132	132	290	292	189	193	234	258	199	199	104	104	243	249	266	296	131	135	340	346	185	193	232	232	162	164	193	207	156	160	218	218	151	155	323	325	141	141	186	186	226	484
1381	132	140	292	292	193	193	216	216	199	199	104	112	243	243	272	278	143	159	340	344	185	185	232	232	164	164	195	207	168	184	218	230	153	155	323	323	149	149	189	190	207	492
1383	132	132	290	292	193	197	234	258	201	211	148	152	243	245	290	290	131	151	336	338	185	185	232	232	156	162	189	195	156	176	218	226	145	149	323	323	141	141	190	190	226	238
1395	130	132	292	292	189	189	216	216	199	199	100	116	243	243	278	278	135	159	338	346	185	189	232	234	164	164	193	205	160	184	214	226	149	153	323	327	141	141	186	190	214	256
1382	130	130	288	290	189	197	216	234	187	199	104	152	243	243	264	290	139	163	336	338	193	193	226	234	164	166	189	189	164	188	214	218	149	157	323	327	141	149	190	190	238	270
1346	130	140	292	292	189	193	222	258	199	211	100	100	243	245	272	278	139	139	338	346	185	193	232	232	156	164	195	203	164	164	218	220	151	155	323	325	141	149	190	190	226	492
1359	130	140	292	292	193	193	216	234	199	211	104	104	243	243	278	296	139	143	340	344	185	193	232	232	162	164	195	207	164	168	220	230	145	151	323	325	141	149	186	190	208	226
1386	130	132	290	292	189	189	224	224	199	211	104	152	243	245	290	290	131	143	332	340	185	185	226	232	162	162	203	205	156	168	214	226	145	153	323	323	141	141	190	190	492	500
1379	132	150	290	292	189	197	224	258	199	199	100	112	243	243	284	290	151	151	342	346	185	193	232	232	164	168	189	193	176	176	218	230	153	153	323	325	141	149	190	190	212	233
1341	130	132	292	292	193	193	216	264	187	199	100	116	243	243	278	296	135	159	340	342	193	193	226	226	156	166	189	195	160	184	214	218	151	155	323	323	141	149	186	186	226	226
1373	130	132	290	292	185	189	216	228	199	199	100	116	243	243	266	278	131	159	338	346	189	189	232	234	164	164	203	205	156	184	214	230	151	157	323	323	141	149	186	186	208	214
1378	132	144	290	292	189	189	228	238	199	211	100	108	243	243	272	290	131	135	332	346	185	185	232	232	162	164	189	205	156	160	214	218	151	151	323	323	141	141	188	190	207	278
1375	130	132	290	290	189	193	234	246	199	211	100	100	241	243	290	296	151	151	332	340	185	185	232	232	156	164	189	205	176	176	214	226	149	153	323	323	141	141	190	190	208	270
1356	132	144	290	290	181	193	228	246	201	211	108	124	243	243	266	290	143	159	332	346	185	189	232	232	162	164	189	207	168	184	214	218	153	153	323	323	139	141	186	190	219	224
1385	132	140	292	292	189	193	224	234	199	211	104	120	241	243	272	284	135	139	332	344	185	185	232	232	162	162	193	197	160	164	218	226	151	157	323	327	141	149	188	190	492	710
G200055	130	132	292	292	189	193	216	216	199	211	100	112	243	243	272	290	159	159	338	344	185	193	232	234	164	164	195	203	184	184	214	230	153	155	323	323	141	149	190	190	207	270
G200056	130	140	290	290	189	193	244	258	199	211	104	108	243	249	284	290	139	159	332	338	185	193	232	232	164	164	193	203	164	184	218	230	153	155	323	323	141	149	190	192	270	500
G200058	130	150	290	292	189	193	228	244	199	211	100	108	243	245	290	302	135	139	346	346	185	193	232	232	162	162	193	195	160	164	214	218	151	153	323	323	141	141	189	190	270	500
G200057	130	140	290	292	189	189	224	244	199	199	100	152	243	245	266	284	131	135	344	346	185	185	232	232	162	162	193	193	156	160	218	226	151	153	323	323	141	141	186	190	256	500
G200060	130	132	290	292	185	189	234	258	199	211	100	108	243	243	266	302	135	159	336	344	185	189	232	232	156	162	195	205	160	184	214	218	151	151	323	323	141	149	186	189	224	500
G200061	130	130	290	290	189	189	224	262	199	223	104	120	243	243	272	302	139	139	336	340	185	185	226	232	162	164	193	199	164	164	218	218	151	155	323	325	141	149	189	190	212	500
G200059	132	140	290	292	189	193	216	246	199	211	104	104	243	243	272	290	131	159	338	340	185	185	232	232	164	164	195	195	156	184	218	226	153	155	323	323	141	149	190	190	207	500
G200062	130	132	290	292	185	189	216	258	199	199	100	108	241	243	266	272	135	143	340	346	185	189	232	234	164	164	203	205	160	168	218	230	153	153	323	323	141	149	190	190	208	492
G200063	130	150	290	290	189	189	246	258	199	211	104	108	243	243	290	296	135	139	338	346	185	185	232	232	162	162	193	205	160	164	214	218	153	155	323	323	141	141	186	190	207	500
G200064	130	132	292	292	189	193	234	246	199	201	120	120	243	245	266	278	139	159	340	346	185	189	230	232	162	166	195	195	164	184	218	218	153	153	323	325	149	149	186	189	208	500
G200054	130	140	290	292	189	193	224	244	199	199	100	104	243	245	290	296	135	135	336	342	185	193	232	232	162	164	197	197	160	160	218	218	151	153	323	323	139	141	186	190	208	208
G200065	130	150	290	292	189	189	224	246	199	199	100	124	245	249	278	290	139	159	338	346	185	185	232	232	162	164	195	203	164	184	218	226	153	153	323	323	141	149	190	190	256	500
G200066	130	130	290	290	189	189	234	246	211	211	104	108	243	243	284	290	139	151	338	338	185	193	232	234	164	164	189	195	164	176	214	218	153	157	323	325	141	149	190	190	270	500
G200067	130	130	290	292	189	189	228	246	199	199	108	124	243	245	284	302	139	159	338	342	185	185	232	232	162	164	189	195	164	184	218	218	151	153	323	325	149	149	189	190	256	500
G200068	132	150	290	292	189	189	216	228	199	211	100	100	243	243	266	272	139	159	340	342	185	185	232	232	162	164	189	207	164	184	214	230	153	153	321	323	141	149	186	190	500	500
G200069	130	132	290	292	189	193	224	246	211	211	104	152	245	245	290	302	139	143	336	340	185	185	232	232	162	162	193	203	164	168	214	218	145	155	323	323	141	141	190	190	270	492
G200070	142	150	290	292	189	193	228	244	199	223	108	108	243	245	284	302	135	135	334	344	189	193	226	232	156	162	199	203	160	160	214	226	151	153	323	323	139	141	189	190	214	270
G200071	130	136	290	290	185	193	224	246	199	211	108	116	243	243	296	296	135	147	346	346	189	193	228	232	162	162	189	195	160	172	218	218	149	153	323	323	141	149	190	190	215	224
G200072	130	132	292	292	189	193	224	246	211	211	104	104	243	243	296	302	135	135	340	342	185	193	232	232	156	158	193	207	160	160	218	218	145	151	323	325	149	149	186	190	226	256
G200073	130	132	292	292	189	193	244	244	199	211	100	100	243	245	278	284	131	135	332	344	185	185	232	232	164	166	189	193	156	160	218	218	149	151	323	323	149	149	189	190	226	278
G200526	130	130	290	290	181	189	236	244	199	211	100	104	241	243	290	296	139	151	344	346	185	189	232	232	156	164	195	195	164	176	214	218	151	153	323	323	133	149	190	190	260	500
G200527	130	140	292	292	193	197	216	216	199	199	112	152	243	243	272	278	143	159	344	346	185	189	228	232	156	164	197	207	168	184	214	230	145	153	323	323	141	149	186	189	232	492
G200528	130	130	290	290	181	189	236	244	199	199	100	104	241	243	284	296	139	151	344	346	185	189	232	232	162	162	193	195	164	176	214	218	151	153	323	323	133	149	190	190	260	500
G200529	130	140	290	290	181	189	216	244	201	211	108	124	243	243	290	302	139	163	338	346	185	185	232	232	164	164	189	195	164	188	218	218	153	153	321	325	141	149	190	190	219	500
G200530	130	130	290	292	189	193	224	234	199	211	100	120	243	243	278	284	143	179	342	346	185	189	226	232	156	162	199	205	168	204	218	218	153	153	323	323	141	149	190	194	209	224
G200533	130	130	290	292	189	193	224	234	199	205	112	112	243	243	278	296	139	151	332	336	185	189	226	232	162	168	197	205	164	176	218	218	151	153	323	325	141	141	188	190	228	238
G200531	130	132	292	292	189	189	216	244	211	211	108	152	243	243	278	302	139	151	344	346	189	189	228	232	164	166	201	203	164	176	218	218	149	153	323	325	141	141	189	190	212	220
G200532	132	148	290	292	189	189	244	246	211	211	120	152	243	243	278	296	131	151	332	334	185	189	232	232	164	166	201	201	156	176	218	226	149	153	323	323	141	141	188	190	212	220
1696	130	144	290	290	189	193	224	244	199	199	108	120	243	245	296	302	135	159	332	332	189	193	232	232	162	164	193	195	160	184	214	218	145	151	323	323	141	149	189	190	212	270
1699	132	144	292	292	189	189	216	228	199	199	104	120	243	243	272	278	135	139	346	346	189	193	232	232	156	162	195	205	160	164	214	218	145	151	323	323	149	149	188	190	212	278
1342	130	132	290	290	193	197	228	258	199	211	116	152	243	245	290	302	131	139	338	340	189	193	232	234	162	162	193	205	156	164	214	218	155	157	323	323	141	149	188	190	226	226
1329	130	132	292	292	189	189	228	244	199	199	120	128	243	245	266	296	131	135	340	340	185	185	226	232	162	168	195	201	156	160	214	218	153	157	323	325	141	141	186	186	208	510
1328	140	150	290	290	193	193	216	234	199	211	108	116	241	243	266	302	131	135	340	342	193	193	226	232	162	162	205	207	156	160	218	218	153	153	323	323	139	141	186	190	211	226
1301	130	144	288	290	185	193	228	264	199	211	108	116	243	245	266	290	135	159	332	342	189	193	226	232	156	164	195	207	160	184	214	218	151	153	323	323	139	149	186	190	224	226
1694	136	150	292	292	189	189	238	246	201	211	104	152	245	245	272	290	135	139	332	338	185	197	226	234	156	168	189	205	160	164	218	226	151	155	323	323	139	141	188	190	214	238
1315	130	132	290	292	189	193	246	258	199	223	108	152	243	243	266	284	135	135	340	342	185	193	232	232	156	166	189	207	160	160	214	218	151	155	323	325	139	149	186	188	231	278
1300	130	132	288	292	185	197	234	246	187	199	116	152	243	243	264	278	135	163	336	336	193	193	226	232	162	166	189	195	160	188	218	226	149	151	323	327	139	141	190	190	224	238
1351	130	150	290	292	185	193	224	234	201	211	104	104	241	245	272	296	143	151	340	346	185	189	232	232	162	168	193	195	168	176	214	226	151	151	323	323	141	141	190	190	224	492
1335	132	132	290	292	185	193	224	234	201	211	104	108	241	245	272	296	131	151	344	346	185	189	232	232	162	168	189	189	156	176	214	218	151	151	323	323	141	141	188	190	224	484
1306	130	132	292	292	189	193	216	246	199	203	112	120	243	245	278	296	139	159	332	346	185	189	232	232	156	164	199	205	164	184	214	230	153	155	323	323	141	141	189	190	207	208
1389	130	150	288	292	189	197	216	234	187	201	104	116	243	243	278	302	135	135	332	336	193	193	232	232	162	162	189	207	160	160	214	226	149	151	323	323	139	139	189	190	208	238
1323	130	132	292	292	189	189	246	264	187	211	112	152	243	245	278	296	139	139	338	338	185	185	232	234	156	164	189	201	164	164	220	226	153	155	323	325	139	141	190	190	238	500
1391	140	140	290	292	185	189	224	258	199	211	108	124	243	245	284	290	131	159	344	346	185	189	232	232	162	164	189	203	156	184	218	226	151	153	323	323	141	141	190	190	224	500
1313	130	130	288	292	185	193	224	264	187	211	108	116	245	245	266	284	131	135	342	344	193	193	226	232	162	164	201	203	156	160	218	218	151	153	323	325	141	149	186	190	224	226
1695	130	144	290	292	189	197	228	262	199	199	108	108	245	245	272	278	135	151	332	338	185	185	232	232	162	162	193	195	160	176	214	218	151	153	323	323	141	149	188	190	238	278
1343	130	132	290	292	189	193	224	234	211	211	108	108	245	245	278	296	131	135	338	344	185	185	232	232	162	168	189	195	156	160	214	218	151	155	323	323	141	141	186	190	492	500
1698	132	132	292	292	189	193	222	224	199	211	104	120	243	245	272	272	139	143	332	346	185	193	232	232	162	162	195	197	164	168	214	218	153	157	323	327	141	149	190	190	226	492
1303	150	150	290	292	189	193	224	246	199	211	100	108	245	245	266	272	131	131	332	332	185	193	232	232	162	166	193	205	156	156	214	218	151	155	323	327	141	141	186	188	270	278
1311	130	140	290	290	189	189	216	246	199	211	100	108	241	249	284	302	139	155	344	346	185	185	232	232	156	164	195	195	164	180	214	218	151	153	325	325	141	141	188	190	500	510
1384	130	130	290	292	189	189	234	234	199	199	100	120	243	245	266	266	131	139	336	346	185	185	226	232	162	162	195	205	156	164	218	218	153	153	323	325	141	149	186	186	278	278
1700	140	144	290	290	189	189	228	258	199	199	108	124	245	249	266	302	131	159	332	340	185	185	232	232	162	164	189	205	156	184	214	218	151	155	323	323	141	141	186	189	245	278
1308	130	132	290	292	189	197	258	262	199	211	100	100	243	243	266	290	131	139	336	342	185	193	226	232	162	164	193	205	156	164	214	214	153	155	323	323	141	141	190	190	233	484
1317	130	140	290	292	189	197	234	258	199	223	100	100	241	243	296	302	131	139	332	340	185	193	226	232	162	164	193	193	156	164	214	230	153	155	323	325	141	149	186	188	233	500
1312	130	144	290	290	189	189	216	258	199	199	104	104	243	249	272	290	139	159	340	340	185	185	232	232	164	168	193	195	164	184	214	214	153	157	321	323	149	149	190	192	208	500
1393	132	144	288	292	185	185	246	258	199	199	100	116	243	245	278	296	159	163	336	336	185	193	232	232	162	164	189	195	184	188	214	226	149	155	323	327	139	141	186	190	224	656
1390	130	144	292	292	185	189	246	258	187	199	100	116	243	245	264	296	131	135	332	336	185	193	226	232	162	168	189	195	156	160	218	224	151	155	323	323	141	141	186	190	212	224
1326	130	140	292	292	189	193	216	216	199	199	104	112	243	243	278	296	139	143	340	344	185	193	232	232	164	168	195	207	164	168	218	230	145	153	323	323	141	149	186	189	208	492
1327	132	140	290	292	189	193	234	246	199	199	104	120	243	245	278	284	135	139	340	344	189	189	232	232	164	168	205	205	160	164	218	230	153	153	323	323	141	149	188	190	208	208
1370	140	150	288	290	189	193	244	258	199	211	100	116	241	243	278	302	139	143	336	340	185	193	232	232	164	164	203	203	164	168	228	230	155	155	323	323	141	141	190	190	226	500
1396	132	140	288	292	189	189	222	234	199	211	104	116	243	243	272	284	135	139	340	346	185	185	232	232	162	164	195	203	160	164	218	218	153	157	323	327	141	141	188	190	492	716
1388	138	150	290	292	189	193	216	216	187	199	100	116	243	245	284	296	131	159	344	346	185	193	232	232	164	166	189	203	156	184	218	218	151	155	323	325	141	141	190	190	226	500
1366	132	150	290	292	189	193	224	234	199	211	104	120	245	245	284	290	131	139	332	340	189	193	232	232	156	162	193	193	156	164	214	218	145	155	323	323	139	141	190	190	224	226
1015	130	130	290	292	189	189	216	224	199	199	100	124	243	243	278	290	151	159	336	342	185	193	232	232	156	162	189	195	176	184	214	226	149	153	323	323	141	149	190	190	208	256
1322	130	130	288	292	189	193	216	234	199	203	104	108	243	243	272	302	131	143	340	346	185	189	226	228	162	164	193	195	156	168	214	214	151	153	323	325	141	149	189	190	208	208
1337	130	132	292	292	181	193	228	246	199	199	100	116	243	243	296	302	127	159	336	340	193	193	226	230	162	162	189	193	152	184	214	226	149	151	323	323	141	149	186	189	219	226
1309	130	144	290	292	189	193	216	224	199	211	100	108	243	243	296	296	139	143	332	346	185	193	232	232	162	164	189	205	164	168	218	220	151	151	323	325	141	149	186	190	212	226
1319	138	140	290	290	189	193	216	224	187	199	116	124	243	245	290	302	139	143	340	346	185	193	230	232	162	162	193	199	164	168	218	218	151	153	321	323	149	149	188	190	226	278
1344	132	136	290	292	189	189	234	258	199	201	108	108	243	245	290	296	135	139	338	344	185	193	232	234	164	168	193	205	160	164	218	224	151	151	323	323	141	141	186	190	234	492
1318	130	132	290	290	185	189	246	262	201	211	100	108	249	249	272	296	131	139	342	344	185	189	232	232	162	162	193	205	156	164	214	226	151	153	323	323	141	141	186	190	224	484
1324	130	130	290	292	185	189	234	246	199	201	104	108	243	249	290	296	131	143	340	346	185	189	232	232	162	162	193	195	156	168	214	226	151	153	323	323	141	141	190	190	224	476
1387	132	132	292	292	189	197	234	246	201	211	152	152	243	245	278	290	139	143	336	340	185	193	232	232	156	166	193	195	164	168	218	226	155	155	323	327	141	141	186	190	226	238
1325	130	140	292	292	189	189	234	246	199	199	100	120	243	243	266	284	139	139	344	346	185	193	232	232	162	162	193	205	164	164	218	226	149	153	323	325	141	141	186	190	233	492
1376	130	132	290	292	189	189	234	258	197	199	100	124	243	243	290	302	135	159	344	346	185	185	232	232	164	166	189	189	160	184	218	218	153	155	323	323	141	149	190	190	256	500
1392	132	132	290	292	193	197	222	246	199	199	100	104	243	243	272	284	139	143	342	346	185	193	232	232	162	164	197	205	164	168	218	218	153	153	323	327	149	149	190	190	226	233
1330	130	140	292	292	189	193	234	244	199	199	120	120	245	245	284	302	135	139	332	336	185	185	232	232	162	164	193	193	160	164	218	218	151	157	325	325	141	141	186	190	226	710
1321	130	140	290	292	189	193	222	234	199	211	108	120	243	245	272	284	135	151	336	338	185	185	232	232	156	162	203	207	160	176	214	226	151	153	323	323	141	149	190	190	500	710
1350	130	136	290	292	189	189	216	224	199	223	104	108	243	249	284	302	131	139	336	344	189	193	226	232	162	162	193	193	156	164	218	218	151	151	323	325	139	149	189	190	233	500
1362	132	144	292	292	193	193	228	258	199	211	100	104	243	245	278	296	139	143	342	346	193	193	232	232	162	164	205	207	164	168	218	220	151	151	323	325	141	149	186	190	226	226
1340	130	132	290	292	189	193	258	264	199	223	104	116	243	243	266	278	131	135	340	342	185	193	226	232	164	166	197	207	156	160	214	230	151	153	323	327	141	149	186	194	226	256
1394	130	132	290	290	185	185	216	228	199	211	108	112	245	245	266	278	139	159	332	332	189	193	232	232	156	168	195	207	164	184	218	218	151	153	323	323	141	149	186	190	208	224
1355	140	144	288	290	185	197	222	228	199	211	100	108	243	245	278	290	135	139	340	342	185	189	226	234	156	164	193	207	160	164	218	218	151	155	323	323	141	149	190	190	224	238
1397	130	140	288	290	185	193	228	234	199	199	100	108	243	243	266	278	135	139	332	340	189	193	232	234	162	164	193	195	160	164	218	218	153	155	323	323	141	149	186	190	224	226
1352	130	132	290	292	189	197	234	258	187	199	104	116	243	243	264	290	131	163	336	344	185	193	226	232	164	166	195	195	156	188	220	226	151	151	325	327	141	141	190	190	238	484
1358	132	144	288	290	189	193	216	264	199	201	116	124	243	243	266	302	159	163	332	346	185	193	232	232	162	164	189	207	184	188	214	218	153	153	321	323	139	141	186	190	207	226
1354	140	144	288	290	189	193	228	246	199	199	108	124	243	243	290	302	135	163	332	346	185	193	226	232	156	162	193	195	160	188	218	218	151	153	321	323	139	141	190	190	207	226
1314	130	130	292	292	189	193	244	246	199	211	100	100	243	243	278	284	135	135	346	346	185	193	232	232	164	164	197	207	160	160	218	230	145	151	321	323	141	141	190	190	208	270
1374	132	132	290	292	189	193	216	234	211	223	100	100	243	245	266	284	143	159	340	346	185	189	232	232	158	164	189	203	168	184	218	230	151	153	323	323	141	141	186	190	208	500
216	130	132	290	292	193	193	228	262	199	199	104	128	243	243	266	278	135	135	336	340	193	193	232	232	162	164	193	201	160	160	226	228	151	155	321	323	141	149	186	186	226	231
222	132	150	292	292	189	193	224	236	199	211	104	104	245	245	272	296	135	151	332	346	193	197	226	232	162	168	189	205	160	176	218	218	151	161	323	323	141	141	188	190	214	270
231	132	132	288	290	189	193	222	244	199	199	100	104	245	245	272	296	139	151	332	344	193	193	226	232	156	168	193	205	164	176	218	218	149	153	323	323	141	149	190	190	212	270
247	132	154	292	292	197	197	216	234	199	211	100	152	243	243	284	302	131	139	340	340	189	193	232	232	164	164	189	193	156	164	218	226	153	155	323	325	141	149	188	190	233	750
257	130	130	290	290	189	193	224	234	211	225	100	108	241	243	266	290	139	163	336	346	189	193	226	232	162	162	191	197	164	188	218	218	151	151	323	323	141	141	192	192	228	231
259	140	150	290	292	189	189	224	234	199	211	100	104	243	243	266	296	131	139	340	346	185	185	232	232	162	164	193	207	156	164	214	218	153	157	323	323	141	141	186	186	278	492
264	130	132	290	290	189	189	234	262	199	211	100	104	243	249	272	290	131	139	340	342	185	185	232	232	162	162	195	205	156	164	214	218	153	153	323	323	141	141	190	190	484	710
274	130	144	292	292	189	189	244	258	199	199	100	104	243	243	290	296	151	159	332	336	185	185	226	232	156	168	193	207	176	184	214	228	151	155	323	323	141	141	186	192	208	212
278	130	150	290	290	189	197	224	236	199	199	112	116	243	245	290	296	131	135	332	342	185	189	226	232	158	162	189	191	160	160	218	218	149	155	323	323	141	141	190	190	214	216
280	132	136	292	292	189	189	246	258	197	201	108	152	243	245	272	290	139	139	338	340	185	185	232	234	156	162	189	205	164	164	214	226	153	155	323	323	139	141	190	190	234	238
281	130	140	290	292	193	193	228	234	199	211	100	116	243	245	278	290	131	139	336	338	193	193	232	234	162	164	205	205	156	164	218	230	155	155	323	323	141	141	186	190	226	226
288	132	140	292	292	189	193	224	234	199	211	104	104	243	245	272	296	131	143	340	346	185	193	232	232	162	168	195	205	156	168	214	218	151	153	323	323	141	149	186	190	226	492
290	132	140	290	292	189	193	228	236	211	211	104	108	243	245	272	290	131	135	340	346	185	185	226	232	156	168	189	193	156	160	218	230	155	161	323	323	141	149	190	190	226	245
291	132	150	292	292	189	189	216	224	199	199	104	120	243	243	272	302	135	159	336	342	185	189	232	232	162	164	195	203	160	184	218	218	153	155	323	323	139	141	188	190	208	224
293	130	140	290	292	189	189	224	258	199	211	108	108	243	249	278	284	135	143	336	338	185	189	232	234	156	162	203	205	160	168	214	226	151	161	323	323	139	141	190	190	233	234
296	132	140	290	292	189	193	228	236	211	211	104	108	243	245	272	290	131	135	340	346	185	185	226	232	156	168	189	193	156	160	218	230	155	161	323	323	141	149	190	190	226	245
301	130	140	290	290	189	193	234	258	199	211	100	108	243	245	284	296	131	143	332	336	185	189	232	232	162	162	195	203	156	168	214	226	151	153	323	323	141	141	186	190	233	701
302	132	140	290	290	189	189	216	258	199	199	100	124	243	243	290	302	143	159	336	346	185	185	232	232	164	164	189	203	168	184	218	230	153	155	323	323	141	141	190	190	207	500
305	130	132	292	292	189	193	244	258	199	199	108	120	243	245	296	302	135	139	332	346	185	185	232	232	164	164	193	197	160	164	218	218	151	157	323	325	141	149	186	190	208	226
310	130	138	290	292	193	193	234	264	187	199	108	116	241	245	264	266	135	139	340	352	189	193	230	232	164	164	201	205	160	164	218	218	145	149	323	323	139	149	186	190	224	226
312	130	130	288	290	185	189	234	264	187	199	108	116	243	245	264	266	135	139	336	342	189	193	226	226	164	166	195	201	160	164	218	218	151	153	323	323	139	149	186	190	224	224
313	130	132	290	292	189	189	216	262	199	211	104	108	243	249	272	290	139	151	338	340	185	185	232	232	162	164	195	195	164	176	214	218	153	157	323	323	141	149	190	190	476	500
315	132	140	290	292	185	193	258	258	211	211	104	108	241	243	296	296	151	151	336	346	189	193	232	232	156	162	193	205	176	176	214	226	151	151	323	323	141	149	186	190	224	226
318	130	140	292	292	189	189	224	246	211	211	100	100	241	243	266	278	131	139	346	346	185	193	232	232	164	164	195	207	156	164	214	214	153	157	323	325	141	141	186	189	226	278
319	130	130	292	292	193	197	224	244	199	211	112	128	243	245	278	284	135	151	344	346	189	193	232	232	164	164	189	205	160	176	218	218	153	153	323	325	141	149	189	190	208	233
321	130	140	290	292	189	193	234	246	199	199	108	120	245	249	284	296	131	139	344	344	193	193	232	232	162	162	193	203	156	164	218	226	151	151	323	325	141	141	186	190	226	233
322	140	150	290	292	189	193	216	228	199	211	104	108	243	243	302	302	131	135	332	342	189	193	232	232	156	162	203	207	156	160	214	218	145	153	323	323	139	149	189	190	224	226
329	130	130	288	292	189	189	216	224	199	223	100	108	243	243	266	302	131	131	332	340	185	189	226	232	156	164	193	199	156	156	214	218	153	155	323	325	141	149	186	189	208	710
331	130	132	290	292	189	189	216	222	199	211	100	108	243	243	272	290	139	151	338	342	185	185	232	232	156	164	195	207	164	176	214	218	153	155	323	323	141	149	190	190	256	500
333	130	140	290	290	189	189	234	246	211	223	100	100	241	243	290	302	131	139	340	346	185	185	232	232	156	162	193	195	156	164	214	218	151	153	323	325	141	149	188	190	500	701
347	150	150	290	290	197	197	234	236	201	211	104	104	241	245	296	296	135	143	336	346	193	193	226	232	162	164	193	195	160	168	214	218	151	161	323	323	141	141	190	192	233	268
350	130	132	290	292	189	197	236	258	199	199	100	104	243	245	290	290	135	139	332	338	185	193	226	234	156	168	205	207	160	164	218	218	149	161	323	323	141	149	190	192	233	256
352	130	132	290	292	193	197	222	228	211	211	100	152	243	245	278	290	131	143	336	336	185	193	232	232	162	168	189	205	156	168	226	230	155	161	323	323	141	141	190	190	226	238
353	130	130	292	292	193	193	244	264	199	199	116	124	243	243	284	296	127	135	340	346	193	193	230	232	164	164	197	197	152	160	214	218	145	149	321	323	141	149	186	190	232	270
354	132	150	290	292	189	193	238	258	199	211	104	120	245	245	272	302	131	135	332	346	185	197	226	232	162	164	193	195	156	160	218	218	151	157	323	323	141	149	188	190	214	226
356	132	154	290	292	193	197	216	244	197	211	100	116	243	243	290	302	135	139	340	340	189	193	230	232	162	164	189	205	160	164	214	218	151	151	323	325	141	149	189	190	233	233
360	132	144	290	292	189	193	216	234	197	211	100	116	243	243	290	302	135	139	340	340	185	193	232	232	162	164	189	205	160	164	218	226	151	153	323	323	149	149	188	190	232	278
363	132	140	290	290	189	189	216	228	199	211	108	124	243	247	272	290	139	159	336	344	185	185	232	232	156	164	189	193	164	184	230	230	153	155	323	323	141	149	190	190	500	710
364	132	132	292	292	189	189	238	244	199	211	104	120	245	245	272	296	131	135	340	346	185	185	226	232	164	168	193	195	156	160	218	218	151	157	323	325	141	141	186	188	208	492
367	132	132	292	292	189	193	258	258	197	201	104	152	243	245	290	290	139	151	338	346	185	193	232	234	156	162	189	205	164	176	214	214	151	153	323	323	141	141	190	190	234	270
370	132	132	292	292	193	197	234	246	211	211	104	148	243	245	272	278	131	139	340	342	185	185	232	232	156	168	195	195	156	164	218	226	145	153	323	323	141	141	190	190	226	238
372	130	140	290	292	189	193	224	224	197	211	104	120	243	245	272	278	131	143	336	340	185	193	232	232	156	168	195	205	156	168	214	214	151	151	323	323	141	141	190	190	233	492
374	130	132	292	292	189	193	216	246	199	199	112	120	243	245	278	278	139	159	332	344	189	193	232	232	164	164	195	205	164	184	218	230	145	153	323	323	141	149	189	190	208	208
381	132	136	290	292	189	193	246	258	197	211	104	152	243	245	272	296	139	151	338	346	185	193	232	232	156	162	193	205	164	176	214	214	145	153	323	323	139	141	190	190	234	270
382	144	150	290	292	189	193	224	228	199	199	104	108	243	245	272	302	131	135	332	346	185	193	232	232	162	162	193	205	156	160	214	218	151	151	323	323	141	149	188	189	270	278
383	130	132	292	292	189	193	216	224	199	211	104	104	243	245	284	296	131	135	332	340	189	193	226	232	164	168	189	203	156	160	214	218	153	161	323	325	141	141	188	190	208	270
385	140	144	292	292	189	193	228	258	211	211	104	104	243	249	272	296	131	159	332	342	185	185	232	232	162	162	193	205	156	184	214	230	151	153	321	323	141	149	186	190	226	492
388	130	130	290	290	189	193	234	258	199	211	104	108	241	243	266	284	135	135	336	340	185	193	232	232	156	164	205	207	160	160	214	214	153	155	323	325	141	149	186	188	226	278
389	132	144	292	292	189	189	234	234	211	211	100	104	243	245	296	302	131	159	340	340	185	193	232	232	162	168	189	205	156	184	214	218	151	153	323	323	141	149	186	189	226	278
390	130	150	292	292	189	189	224	224	199	199	104	152	243	245	296	302	131	159	342	342	185	185	232	232	162	162	193	203	156	184	218	226	155	155	323	327	141	141	190	190	208	256
391	130	140	290	292	185	193	234	258	199	211	100	108	243	243	266	296	135	135	336	336	189	193	226	232	156	164	193	205	160	160	218	218	153	155	323	323	141	141	186	186	224	226
392	140	150	292	292	189	193	224	236	199	211	104	148	243	243	272	296	131	131	342	346	185	193	232	232	166	168	189	205	156	156	218	226	149	161	323	327	141	141	190	190	208	226
394	130	140	290	292	189	189	216	258	199	201	100	152	243	243	278	290	139	159	336	342	185	185	232	232	162	164	193	203	164	184	218	226	145	153	323	323	139	141	190	190	238	500
397	132	140	290	292	193	193	224	234	199	199	104	108	243	243	266	296	131	135	336	340	193	193	232	232	162	164	195	205	156	160	214	218	153	153	323	323	141	141	186	186	226	226
672	130	132	290	292	185	193	216	228	197	199	116	116	243	243	264	290	135	135	340	340	189	193	230	232	162	166	201	205	160	160	218	226	151	153	323	323	141	149	190	194	224	232
858	140	140	290	290	189	189	228	258	199	211	108	124	243	243	290	302	131	159	332	336	185	185	232	232	162	164	189	193	156	184	230	230	145	155	323	323	141	141	190	190	278	500
861	132	140	290	290	189	189	228	258	199	199	108	124	243	245	290	302	159	159	340	346	185	185	232	234	162	164	189	193	184	184	214	218	151	153	323	323	141	149	190	190	207	278
954	130	138	292	292	193	193	234	264	187	199	116	116	243	243	278	284	135	151	338	342	189	193	226	234	164	166	195	197	160	176	218	230	151	155	323	323	149	149	186	194	224	226
958	130	140	290	292	185	189	228	258	199	211	108	124	243	245	284	302	131	159	344	346	185	189	232	232	162	164	189	203	156	184	214	218	151	151	323	325	141	149	190	190	207	224
1601	130	140	292	292	193	197	228	258	199	211	104	104	243	245	272	296	135	143	340	344	185	193	226	232	156	164	193	195	160	168	218	224	151	155	323	323	141	149	186	190	226	233
1606	130	132	290	292	189	193	216	224	199	211	104	108	245	249	272	284	143	151	344	346	185	193	232	232	162	164	195	195	168	176	218	218	153	153	323	323	141	141	190	190	226	500
1613	140	140	292	292	189	193	224	258	199	211	104	124	243	245	296	296	135	143	346	346	185	193	232	232	162	168	195	205	160	168	214	214	145	153	323	323	141	141	186	186	207	226
1614	132	140	292	292	189	189	224	258	199	199	100	104	241	243	290	296	131	143	340	346	185	185	232	232	164	168	195	195	156	168	214	230	153	157	323	325	141	141	186	190	492	500
1615	132	132	292	292	189	189	224	234	199	211	104	108	243	245	290	296	131	131	338	340	185	193	232	232	162	168	195	195	156	156	214	218	151	153	323	323	141	149	186	190	226	500
1618	130	132	292	292	189	193	228	244	201	211	108	152	245	245	272	290	131	135	336	346	185	185	232	232	156	168	189	193	156	160	220	230	151	155	323	323	141	149	190	190	234	245
1620	140	144	290	292	189	189	228	234	199	199	100	108	245	245	272	302	131	159	340	340	185	185	232	234	162	162	193	193	156	184	218	230	145	153	323	323	141	141	189	190	278	492
1630	130	140	290	292	189	193	224	244	199	199	108	120	245	249	278	296	135	139	338	346	185	193	232	234	164	164	197	205	160	164	214	218	151	155	323	325	141	149	186	190	226	233
1631	130	150	292	292	189	193	224	224	203	211	100	112	243	245	278	284	131	151	342	344	185	189	232	232	158	168	189	207	156	176	214	218	153	157	321	323	141	141	189	190	208	500
1632	150	150	292	292	189	189	216	224	199	211	104	108	243	245	272	302	131	131	340	342	185	189	232	232	162	168	195	207	156	156	218	218	145	151	323	323	139	141	188	190	224	492
1633	130	150	290	292	189	193	234	234	211	211	100	104	241	243	290	290	139	151	336	340	185	193	232	232	156	162	189	195	164	176	214	214	151	153	323	323	141	141	190	190	270	484
1636	130	154	290	292	181	193	222	244	199	211	100	152	243	243	278	302	135	139	336	340	185	189	228	230	164	166	189	201	160	164	214	226	149	151	321	323	141	141	189	190	219	232
1637	132	140	290	290	189	189	224	258	199	211	104	124	243	243	272	302	135	143	336	340	185	197	232	232	162	164	189	189	160	168	218	230	151	153	323	323	141	141	190	190	207	214
1638	130	140	288	290	185	189	234	258	199	199	108	124	241	243	272	290	139	159	336	340	185	189	226	234	162	164	189	195	164	184	218	218	145	153	323	323	141	149	190	190	207	224
1639	132	132	292	292	181	197	216	246	197	211	100	152	243	243	296	302	139	163	340	346	185	193	228	230	162	166	189	189	164	188	218	226	149	151	321	325	141	141	189	190	219	233
1640	130	132	292	292	189	189	216	244	199	211	100	120	243	243	278	296	135	139	346	346	185	193	232	232	164	164	197	207	160	164	220	230	151	157	321	323	141	141	190	190	208	212
1641	130	140	290	292	189	197	216	258	199	211	124	152	243	243	278	302	131	143	338	346	185	185	232	234	162	164	189	193	156	168	226	230	145	153	323	323	141	141	190	190	238	500
1642	130	132	290	292	189	189	246	258	199	201	100	152	243	245	278	302	131	159	342	346	185	193	232	232	164	166	189	205	156	184	226	230	149	155	323	323	141	141	190	190	208	500
1644	132	132	292	292	189	189	216	216	199	199	104	124	243	249	290	296	139	151	340	342	185	189	232	232	162	164	193	195	164	176	218	226	145	157	323	323	141	141	190	190	212	476
1645	130	132	290	292	189	189	216	216	199	199	108	120	243	243	272	290	135	139	338	346	185	185	232	232	156	164	195	199	160	164	218	218	155	157	323	323	141	141	189	190	278	500
1647	130	130	292	292	181	193	244	246	199	199	116	152	243	243	278	296	127	139	340	346	185	193	228	230	162	164	189	197	152	164	218	226	145	149	323	327	141	149	186	190	219	232
1648	130	132	292	292	189	189	234	262	199	203	104	120	243	249	290	290	135	151	336	340	185	185	232	232	164	166	195	199	160	176	218	218	151	157	323	323	141	141	189	190	207	500
1650	130	140	290	290	189	189	216	216	199	199	108	124	243	249	284	290	139	159	336	338	185	185	232	232	164	164	189	195	164	184	218	230	153	153	323	323	141	141	190	190	500	500
1651	130	138	292	292	193	193	216	224	187	211	108	116	243	245	264	284	127	131	340	344	193	193	230	232	164	166	197	203	152	156	218	218	151	151	323	323	141	141	190	194	226	232
1652	130	132	292	292	189	193	216	234	199	223	100	120	243	243	302	302	135	159	336	346	185	185	232	232	158	166	203	205	160	184	214	218	153	155	323	323	141	141	188	190	208	208
1653	132	132	292	292	189	189	216	234	199	203	100	120	243	243	296	302	135	135	336	346	185	185	228	232	156	166	203	205	160	160	218	218	153	155	323	323	141	141	188	190	207	278
1655	130	138	292	292	193	197	234	264	199	199	104	116	243	245	266	284	131	135	342	344	193	193	226	232	156	164	195	197	156	160	218	230	149	153	323	323	141	141	190	190	233	233
1657	132	140	290	290	193	193	216	244	187	199	116	124	243	245	302	302	135	139	338	346	193	193	232	234	162	164	197	201	160	164	218	218	155	157	321	323	141	149	188	190	226	270
1660	132	132	290	290	189	193	228	236	199	211	104	124	243	247	272	290	135	159	336	340	185	197	232	232	156	168	193	195	160	184	218	230	151	153	323	323	141	141	190	190	214	710
1661	130	130	290	292	189	193	246	258	199	211	116	152	241	243	278	278	139	151	340	342	193	193	226	232	156	166	193	205	164	176	218	226	149	155	323	323	141	141	190	190	208	226
1662	132	132	290	292	189	193	236	246	201	211	104	152	245	245	290	296	131	139	338	340	185	197	232	234	162	164	195	205	156	164	218	226	151	153	323	323	141	141	190	190	214	234
1664	130	138	292	292	193	197	222	264	187	199	116	152	243	243	264	296	135	163	336	342	193	193	226	232	166	166	189	201	160	188	218	226	149	153	323	327	141	149	190	190	232	238
1665	130	150	290	290	189	193	228	246	199	201	104	152	243	243	272	302	131	139	332	338	185	193	232	232	162	164	189	207	156	164	214	218	145	153	323	323	139	141	190	190	226	500
1666	130	132	290	292	185	189	244	258	199	201	100	104	241	243	290	290	143	151	332	346	185	189	232	232	156	162	189	207	168	176	226	228	145	151	323	323	141	141	190	192	208	224
1667	130	130	290	292	189	189	216	216	199	211	108	112	243	249	272	296	139	155	338	344	185	185	232	232	164	164	189	195	164	180	218	220	153	153	325	325	141	141	190	190	500	500
1668	130	140	292	292	185	189	234	234	199	211	100	120	241	249	266	296	135	139	336	344	189	193	226	232	162	164	193	205	160	164	218	218	151	153	323	325	141	141	186	186	224	233
1670	130	140	288	290	189	193	258	264	187	211	116	116	243	243	278	278	135	143	340	342	193	193	226	226	156	164	205	205	160	168	214	218	145	151	323	323	139	149	190	190	224	226
1671	130	150	288	290	185	193	234	234	211	211	104	108	241	245	278	290	131	139	340	346	189	193	232	232	156	164	189	193	156	164	214	214	145	151	323	323	141	149	190	190	224	226
1672	132	140	292	292	181	193	222	246	199	199	120	152	243	245	296	296	131	163	344	346	185	193	228	232	162	166	201	203	156	188	218	226	149	151	321	323	141	141	190	190	219	226
1674	130	150	292	292	193	197	224	258	199	199	104	112	243	245	284	302	135	151	346	346	193	193	232	232	164	168	189	189	160	176	218	218	151	153	323	325	141	149	190	190	233	270
1675	132	140	292	292	189	189	224	234	211	211	104	104	245	245	272	296	131	151	340	346	185	193	232	232	168	168	195	199	156	176	214	218	153	153	323	323	141	149	186	188	207	492
1676	140	150	292	292	189	189	228	228	199	199	100	108	243	245	272	302	131	135	332	332	185	189	232	232	156	162	205	207	156	160	214	230	145	153	323	323	141	149	189	190	224	492
1677	132	140	290	292	189	193	216	228	211	211	116	148	243	243	278	290	131	139	336	342	189	193	232	232	162	164	195	205	156	164	226	230	145	155	323	323	139	141	190	190	212	226
1678	130	140	292	292	193	197	224	234	199	199	108	152	243	245	278	284	139	139	340	344	185	193	232	232	162	166	193	203	164	164	218	226	151	151	325	327	141	141	186	190	226	238
1679	130	140	292	292	189	197	224	246	199	211	100	112	245	245	272	284	131	155	340	342	189	193	226	232	162	164	189	195	156	180	214	218	153	155	323	323	141	149	190	190	214	233
1680	130	144	292	292	193	193	228	258	211	211	104	116	243	245	278	296	131	143	336	342	193	193	232	232	162	164	205	205	156	168	218	218	151	155	323	323	141	149	186	186	226	226
1681	140	150	292	292	189	193	216	236	199	199	104	104	243	245	284	296	135	151	332	340	185	193	226	232	158	168	205	207	160	176	218	218	153	161	323	325	141	141	188	190	270	278
1683	130	132	292	292	193	193	236	244	199	211	108	112	243	245	278	284	131	135	340	344	185	193	226	232	164	168	193	205	156	160	218	226	153	155	323	323	149	149	190	190	208	226
1684	130	150	292	292	189	193	216	222	199	211	104	152	243	243	278	284	135	151	336	340	185	193	232	232	158	166	207	207	160	176	218	226	151	153	323	323	141	141	190	190	234	270
1685	130	130	290	290	189	197	246	258	199	199	100	112	243	243	266	278	151	155	332	342	185	193	232	232	156	164	193	205	176	180	214	218	153	153	323	325	141	149	189	190	212	233
1686	130	130	292	292	189	193	244	258	211	211	104	128	245	245	272	284	135	151	344	346	185	189	226	232	164	164	197	205	160	176	218	218	153	155	323	325	141	149	188	190	208	208
1691	130	132	290	292	197	197	246	258	199	199	100	100	243	245	266	284	131	159	336	342	185	193	226	232	156	164	189	193	156	184	214	218	153	153	323	323	141	141	190	190	233	233
1693	130	132	288	292	189	197	216	222	201	223	100	152	243	245	266	278	131	135	332	336	185	189	232	232	156	166	193	207	156	160	218	220	151	153	323	325	141	149	186	190	208	234
3520	130	132	290	292	189	189	216	244	199	199	120	124	243	243	296	302	135	159	336	346	185	193	232	232	164	166	197	203	160	184	218	218	155	157	323	323	141	141	190	190	207	208
5474	130	138	290	292	189	193	216	264	187	199	116	116	243	245	264	284	127	135	340	342	189	193	226	230	164	166	197	201	152	160	218	218	149	151	323	323	141	149	190	194	224	232
268_2	130	130	292	292	189	189	216	246	211	211	100	112	243	243	278	296	135	139	338	346	185	185	232	232	164	164	189	207	160	164	220	230	151	153	321	325	141	141	189	190	212	500
704105	130	130	290	292	189	189	224	228	199	217	104	112	243	243	296	296	151	183	336	340	185	185	226	226	162	168	189	197	176	208	218	218	151	153	323	325	141	149	188	188	208	238
