sampleid,PHt,Hs_obs,Hs_exp,IR,HL,HL_all
1300,0.8,1.18614020950846,1.17325385961568,-0.0859461453338251,0.186071595654359,0.187889346376417
1301,0.95,1.4085414987913,1.39323895829363,-0.298180467879688,0.0228847919879403,0.0239338404254321
1302,0.6,0.889605157131346,0.879940394711763,0.150279007119492,0.410479441373694,0.414480730812879
1304,0.65,0.963738920225624,0.953268760937743,-0.00398740818467994,0.30121029923934,0.299672672362855
1305,0.7,1.0378726833199,1.02659712716372,0.00386697602474868,0.291823332698006,0.294604252445578
1307,0.85,1.26027397260274,1.24658222584166,-0.236363636363636,0.107098920520507,0.11121026814605
1310,0.45,0.667203867848509,0.659955296033822,0.285745093810653,0.547822847538683,0.54852655668208
1316,0.5,0.741337630942788,0.733283662259803,0.252488320130002,0.441139777866339,0.440754635578357
1320,0.55,0.815471394037067,0.806612028485783,0.178071065989848,0.394937015923622,0.393898481537408
1326,0.7,1.0378726833199,1.02659712716372,-0.057905544147844,0.240513402526294,0.242576040367282
1331,0.7,1.0378726833199,1.02659712716372,-0.0471544715447154,0.237359866927729,0.238246686862813
1332,0.6,0.889605157131346,0.879940394711763,0.115384615384615,0.382197251918978,0.377609476557151
1333,0.6,0.889605157131346,0.879940394711763,0.0935960591133005,0.318325160709026,0.322485720449067
1334,0.65,0.963738920225624,0.953268760937743,0.0562241073189979,0.305901616620172,0.304883184363306
1336,0.65,0.963738920225624,0.953268760937743,0.0152326060107041,0.322020168766136,0.323515067388226
1339,0.65,0.963738920225624,0.953268760937743,0.0506052788251638,0.278862647930276,0.279820110484801
1341,0.6,0.889605157131346,0.879940394711763,0.159177456207159,0.329748063694488,0.332111403944814
1345,0.7,1.0378726833199,1.02659712716372,-0.102739726027397,0.263077642818776,0.267754945085865
1346,0.75,1.11200644641418,1.0999254933897,-0.106655974338412,0.240184187271499,0.233307228407162
1347,0.55,0.815471394037067,0.806612028485783,0.181891673403395,0.385099544296779,0.382293356843399
1348,0.7,1.0378726833199,1.02659712716372,-0.0607370805023676,0.241219482612236,0.244956434473509
1351,0.75,1.11200644641418,1.0999254933897,-0.0635838150289017,0.190637291424809,0.187964847450315
1353,0.75,1.11200644641418,1.0999254933897,-0.0615384615384616,0.209597491033216,0.208498325845753
1357,0.7,1.0378726833199,1.02659712716372,-0.0713245997088791,0.246019094484778,0.242554468631883
1359,0.8,1.18614020950846,1.17325385961568,-0.159968479117415,0.151889522291338,0.153668132919406
1360,0.75,1.11200644641418,1.0999254933897,-0.0458507010231147,0.233643199972277,0.230211684377374
1361,0.7,1.0378726833199,1.02659712716372,-0.0189873417721519,0.274964046228753,0.277191641421484
1364,0.6,0.889605157131346,0.879940394711763,0.14252427184466,0.373425398090552,0.38030969508821
1367,0.8,1.18614020950846,1.17325385961568,-0.162717219589258,0.151534316358533,0.152977368435862
1368,0.55,0.815471394037067,0.806612028485783,0.191854661609104,0.39483738499125,0.399087890753229
1369,0.65,0.963738920225624,0.953268760937743,0.0244698205546493,0.28410410132899,0.287179823862091
1371,0.7,1.0378726833199,1.02659712716372,-0.0385003023583955,0.258745863150417,0.256439631967436
1372,0.6,0.889605157131346,0.879940394711763,0.0547945205479453,0.335492003534732,0.342707815533525
1375,0.6,0.889605157131346,0.879940394711763,0.0928512736236648,0.345277493805555,0.338599337841513
1377,0.85,1.26027397260274,1.24658222584166,-0.252703243892671,0.1273889764871,0.127140056836833
1378,0.65,0.963738920225624,0.953268760937743,-0.0114164904862578,0.271424982239703,0.275319589949447
1379,0.65,0.963738920225624,0.953268760937743,0.0307941653160454,0.338298996759829,0.33486602076514
1380,0.75,1.11200644641418,1.0999254933897,-0.0538373424971363,0.24034013133956,0.239974301497829
1381,0.5,0.741337630942788,0.733283662259803,0.238725693007861,0.42160345156204,0.423435345757402
1382,0.75,1.11200644641418,1.0999254933897,-0.0145193898180482,0.2401018834578,0.242867258795172
1383,0.65,0.963738920225624,0.953268760937743,0.0376181854757594,0.294643321262107,0.293489087515593
1384,0.45,0.667203867848509,0.659955296033822,0.318518518518519,0.577915720894772,0.58398345541685
1385,0.8,1.18614020950846,1.17325385961568,-0.153153153153153,0.167011765113579,0.16821686159387
1386,0.6,0.889605157131346,0.879940394711763,0.0775015667432631,0.373451388768562,0.373412836120464
1395,0.6,0.889605157131346,0.879940394711763,0.111647555823778,0.386983868452515,0.387081813151255
1398,0.55,0.815471394037067,0.806612028485783,0.182056981208325,0.399598010846776,0.402381800958535
1399,0.8,1.18614020950846,1.17325385961568,-0.130785481083157,0.142810112106458,0.144378218174656
1649,0.45,0.667203867848509,0.659955296033822,0.333333333333333,0.514047961464488,0.513601448119976
1651,0.65,0.963738920225624,0.953268760937743,0.0858016434167782,0.287716805572401,0.293146753453822
1654,0.75,1.11200644641418,1.0999254933897,-0.0842663523865646,0.191594614731516,0.193344650678572
1659,0.75,1.11200644641418,1.0999254933897,-0.00766703176341723,0.288773759811481,0.29058534435055
1669,0.7,1.0378726833199,1.02659712716372,-0.053147996729354,0.228921560133765,0.233637838699693
1681,0.8,1.18614020950846,1.17325385961568,-0.139980638915779,0.170347235458216,0.169674360585626
1682,0.45,0.667203867848509,0.659955296033822,0.33627254509018,0.505626981789198,0.50152596580411
1687,0.75,1.11200644641418,1.0999254933897,-0.0592976396085205,0.206703862214752,0.212419692180715
1689,0.75,1.11200644641418,1.0999254933897,-0.0932857991681521,0.193595896938298,0.191803209499067
320,0.75,1.11200644641418,1.0999254933897,-0.0961080222398728,0.230381369882002,0.233809005730578
382,0.75,1.11200644641418,1.0999254933897,-0.096325719960278,0.208263302895362,0.20954971347108
704105,0.6,0.889605157131346,0.879940394711763,0.143355965082444,0.359056884930605,0.365685465339849
952,0.7,1.0378726833199,1.02659712716372,-0.0850884582982307,0.240240500407187,0.238147269299669
AIFAO15-11,0.65,0.963738920225624,0.953268760937743,0.106128550074738,0.348188449742692,0.352746644657244
AIFAO16507,0.5,0.741337630942788,0.733283662259803,0.220999153259949,0.446333581688701,0.449525421821217
AO27121649,0.7,1.0378726833199,1.02659712716372,0.0147255689424364,0.265828322908184,0.270203806004446
AO3999183,0.5,0.741337630942788,0.733283662259803,0.224283305227656,0.41901737910003,0.421068551223493
AO414-17-3-NL,0.8,1.18614020950846,1.17325385961568,-0.1213102266235,0.15246564898723,0.15759840931899
AO414-17-5,0.75,1.11200644641418,1.0999254933897,-0.040135669869983,0.211932320274462,0.21528920193958
AO59381830,0.8,1.18614020950846,1.17325385961568,-0.109269027882442,0.163494360022872,0.161984505866574
AO7422181NL,0.65,0.963738920225624,0.953268760937743,0.0573399014778326,0.323016478089859,0.326669230264207
AO7956-17-18,0.8,1.18614020950846,1.17325385961568,-0.0760233918128655,0.138551972692461,0.139056564841823
AO79561654,0.85,1.26027397260274,1.24658222584166,-0.153817779417189,0.10484639509296,0.107756445728327
AO79561656,0.75,1.11200644641418,1.0999254933897,-0.0562571756601607,0.203749588480932,0.208927884750659
CZ005,0.65,0.963738920225624,0.953268760937743,0.0333400687007476,0.293213833971549,0.296891325348665
G14223,0.7,1.0378726833199,1.02659712716372,-0.0467289719626169,0.239815985999688,0.249249209817953
G17267,0.5,0.741337630942788,0.733283662259803,0.276871684024366,0.468624919862076,0.469920559739639
G200055,0.6,0.889605157131346,0.879940394711763,0.0960081883316275,0.387087831164556,0.385328875174684
G200056,0.8,1.18614020950846,1.17325385961568,-0.186140209508461,0.147146223554485,0.147411391752094
G200059,0.65,0.963738920225624,0.953268760937743,-0.0252893270467209,0.295067835669607,0.297316194745876
G200060,0.8,1.18614020950846,1.17325385961568,-0.183517587939698,0.144460520160103,0.148825747273051
G200061,0.6,0.889605157131346,0.879940394711763,0.0989593960416241,0.388019163793253,0.392705470779678
G200062,0.75,1.11200644641418,1.0999254933897,-0.125152874031798,0.221055048256025,0.221461531968374
G200063,0.6,0.889605157131346,0.879940394711763,0.0439489066897598,0.31110841578154,0.313325705067482
G200064,0.75,1.11200644641418,1.0999254933897,-0.0708050436469447,0.240994230069482,0.24222573414243
G200065,0.65,0.963738920225624,0.953268760937743,-0.0237534774234967,0.285360317432814,0.286999746766584
G200067,0.65,0.963738920225624,0.953268760937743,-0.00251466890192791,0.302535823817857,0.304373903827576
G200068,0.7,1.0378726833199,1.02659712716372,-0.0497147514262429,0.277589104707778,0.282596299040527
G200069,0.6,0.889605157131346,0.879940394711763,0.0847668393782383,0.317532445029716,0.316826422562159
G200070,0.85,1.26027397260274,1.24658222584166,-0.161314275106738,0.149216814235961,0.146188368145112
G200071,0.6,0.889605157131346,0.879940394711763,0.111826226870475,0.36648588706184,0.371074178632727
G200073,0.65,0.963738920225624,0.953268760937743,0.0154352747478906,0.28405211997297,0.286927997298844
G200529,0.6,0.889605157131346,0.879940394711763,0.111468812877264,0.346382097620987,0.353213719623714
G200531,0.65,0.963738920225624,0.953268760937743,0.0586383313656042,0.294851246686189,0.298969715159303
G200532,0.65,0.963738920225624,0.953268760937743,0.0391644908616189,0.285364649212483,0.283804316222883
